# unix_time, cycles_done, cur_path, paths_total, pending_total, pending_favs, map_size, unique_crashes, unique_hangs, max_depth, execs_per_sec
1613719451, 0, 0, 19, 19, 17, 3.45%, 0, 0, 1, 151.39
1613719456, 0, 0, 136, 136, 17, 3.88%, 0, 0, 2, 634.86
1613719461, 0, 0, 176, 176, 17, 4.00%, 0, 0, 2, 487.66
1613719467, 0, 0, 187, 187, 17, 4.00%, 0, 0, 2, 449.02
1613719472, 0, 0, 191, 191, 17, 4.00%, 0, 0, 2, 675.41
1613719477, 0, 0, 194, 194, 17, 4.01%, 0, 0, 2, 569.36
1613719482, 0, 0, 200, 200, 17, 4.01%, 0, 0, 2, 489.08
1613719487, 0, 0, 206, 206, 17, 4.01%, 0, 0, 2, 423.20
1613719492, 0, 0, 208, 208, 17, 4.01%, 0, 0, 2, 380.08
1613719497, 0, 0, 210, 210, 17, 4.01%, 0, 0, 2, 345.68
1613719507, 0, 0, 212, 212, 17, 4.01%, 0, 0, 2, 492.38
1613719513, 0, 0, 215, 215, 17, 4.01%, 0, 0, 2, 542.25
1613719518, 0, 0, 218, 218, 17, 4.01%, 0, 0, 2, 520.68
1613719523, 0, 0, 219, 219, 17, 4.01%, 0, 0, 2, 461.62
1613719528, 0, 0, 221, 221, 17, 4.01%, 0, 0, 2, 364.71
1613719538, 0, 0, 222, 222, 17, 4.01%, 0, 0, 2, 530.13
1613719543, 0, 0, 223, 223, 17, 4.01%, 0, 0, 2, 429.86
1613719559, 0, 0, 225, 225, 17, 4.01%, 0, 0, 2, 466.24
1613719564, 0, 0, 230, 230, 17, 4.02%, 0, 0, 2, 532.06
1613719569, 0, 0, 234, 234, 17, 4.02%, 0, 0, 2, 696.41
1613719574, 0, 0, 235, 235, 17, 4.02%, 0, 0, 2, 592.60
1613719595, 0, 0, 236, 236, 17, 4.02%, 0, 0, 2, 821.35
1613719605, 0, 0, 237, 237, 17, 4.02%, 0, 0, 2, 870.56
1613719610, 0, 1, 254, 253, 68, 4.04%, 0, 0, 2, 646.54
1613719615, 0, 1, 294, 293, 68, 4.04%, 0, 0, 2, 375.69
1613719620, 0, 1, 306, 305, 68, 4.04%, 0, 0, 2, 362.98
1613719625, 0, 1, 310, 309, 68, 4.04%, 0, 0, 2, 395.69
1613719630, 0, 1, 313, 312, 68, 4.04%, 0, 0, 2, 363.87
1613719646, 0, 1, 314, 313, 68, 4.04%, 0, 0, 2, 440.82
1613719651, 0, 1, 315, 314, 68, 4.04%, 0, 0, 2, 394.27
1613719656, 0, 1, 316, 315, 68, 4.04%, 0, 0, 2, 342.66
1613719661, 0, 1, 318, 317, 68, 4.04%, 0, 0, 2, 316.89
1613719682, 0, 1, 320, 319, 68, 4.04%, 0, 0, 2, 345.42
1613719697, 0, 1, 321, 320, 68, 4.04%, 0, 0, 2, 450.42
1613719702, 0, 1, 322, 321, 68, 4.04%, 0, 0, 2, 349.58
1613719707, 0, 1, 323, 322, 68, 4.04%, 0, 0, 2, 301.78
1613719718, 0, 1, 325, 324, 68, 4.04%, 0, 0, 2, 490.88
1613719723, 0, 1, 326, 325, 68, 4.04%, 0, 0, 2, 411.36
1613719728, 0, 1, 328, 327, 68, 4.04%, 0, 0, 2, 351.54
1613719733, 0, 1, 329, 328, 68, 4.04%, 0, 0, 2, 301.17
1613719764, 0, 2, 329, 327, 72, 4.04%, 0, 0, 2, 322.01
1613719769, 0, 2, 359, 357, 72, 4.06%, 0, 0, 2, 358.53
1613719774, 0, 2, 373, 371, 72, 4.06%, 0, 0, 2, 300.06
1613719779, 0, 2, 377, 375, 72, 4.06%, 0, 0, 2, 231.83
1613719794, 0, 2, 378, 376, 72, 4.06%, 0, 0, 2, 236.09
1613719799, 0, 2, 379, 377, 72, 4.06%, 0, 0, 2, 204.66
1613719805, 0, 2, 380, 378, 72, 4.06%, 0, 0, 2, 868.18
